0.98,0.02,0.0
0.0,0.22,0.78